{
 "cells": [
  {
   "cell_type": "code",
   "execution_count": 2,
   "metadata": {},
   "outputs": [
    {
     "data": {
      "text/html": [
       "<div>\n",
       "<style scoped>\n",
       "    .dataframe tbody tr th:only-of-type {\n",
       "        vertical-align: middle;\n",
       "    }\n",
       "\n",
       "    .dataframe tbody tr th {\n",
       "        vertical-align: top;\n",
       "    }\n",
       "\n",
       "    .dataframe thead th {\n",
       "        text-align: right;\n",
       "    }\n",
       "</style>\n",
       "<table border=\"1\" class=\"dataframe\">\n",
       "  <thead>\n",
       "    <tr style=\"text-align: right;\">\n",
       "      <th></th>\n",
       "      <th>LAST_NAME_TX</th>\n",
       "      <th>FIRST_NAME_TX</th>\n",
       "      <th>PrOO</th>\n",
       "      <th>PrO</th>\n",
       "      <th>PrOK</th>\n",
       "      <th>RBI</th>\n",
       "      <th>SO</th>\n",
       "      <th>TOT_AB</th>\n",
       "      <th>PrO%</th>\n",
       "      <th>RBI%</th>\n",
       "      <th>SO%</th>\n",
       "      <th>PrOSO%</th>\n",
       "    </tr>\n",
       "  </thead>\n",
       "  <tbody>\n",
       "    <tr>\n",
       "      <th>0</th>\n",
       "      <td>Pence</td>\n",
       "      <td>Hunter</td>\n",
       "      <td>1794</td>\n",
       "      <td>372</td>\n",
       "      <td>474</td>\n",
       "      <td>35</td>\n",
       "      <td>508</td>\n",
       "      <td>2887</td>\n",
       "      <td>0.207358</td>\n",
       "      <td>0.094086</td>\n",
       "      <td>0.175961</td>\n",
       "      <td>0.264214</td>\n",
       "    </tr>\n",
       "    <tr>\n",
       "      <th>1</th>\n",
       "      <td>Young</td>\n",
       "      <td>Delmon</td>\n",
       "      <td>1386</td>\n",
       "      <td>222</td>\n",
       "      <td>288</td>\n",
       "      <td>39</td>\n",
       "      <td>376</td>\n",
       "      <td>2249</td>\n",
       "      <td>0.160173</td>\n",
       "      <td>0.175676</td>\n",
       "      <td>0.167185</td>\n",
       "      <td>0.207792</td>\n",
       "    </tr>\n",
       "    <tr>\n",
       "      <th>2</th>\n",
       "      <td>Gonzalez</td>\n",
       "      <td>Adrian</td>\n",
       "      <td>1330</td>\n",
       "      <td>345</td>\n",
       "      <td>315</td>\n",
       "      <td>38</td>\n",
       "      <td>448</td>\n",
       "      <td>2884</td>\n",
       "      <td>0.259398</td>\n",
       "      <td>0.110145</td>\n",
       "      <td>0.155340</td>\n",
       "      <td>0.236842</td>\n",
       "    </tr>\n",
       "    <tr>\n",
       "      <th>3</th>\n",
       "      <td>Young</td>\n",
       "      <td>Michael</td>\n",
       "      <td>1310</td>\n",
       "      <td>315</td>\n",
       "      <td>255</td>\n",
       "      <td>44</td>\n",
       "      <td>377</td>\n",
       "      <td>2928</td>\n",
       "      <td>0.240458</td>\n",
       "      <td>0.139683</td>\n",
       "      <td>0.128757</td>\n",
       "      <td>0.194656</td>\n",
       "    </tr>\n",
       "    <tr>\n",
       "      <th>4</th>\n",
       "      <td>Francoeur</td>\n",
       "      <td>Jeff</td>\n",
       "      <td>1224</td>\n",
       "      <td>198</td>\n",
       "      <td>318</td>\n",
       "      <td>31</td>\n",
       "      <td>387</td>\n",
       "      <td>2120</td>\n",
       "      <td>0.161765</td>\n",
       "      <td>0.156566</td>\n",
       "      <td>0.182547</td>\n",
       "      <td>0.259804</td>\n",
       "    </tr>\n",
       "  </tbody>\n",
       "</table>\n",
       "</div>"
      ],
      "text/plain": [
       "  LAST_NAME_TX FIRST_NAME_TX  PrOO  PrO  PrOK  RBI   SO  TOT_AB      PrO%  \\\n",
       "0        Pence        Hunter  1794  372   474   35  508    2887  0.207358   \n",
       "1        Young        Delmon  1386  222   288   39  376    2249  0.160173   \n",
       "2     Gonzalez        Adrian  1330  345   315   38  448    2884  0.259398   \n",
       "3        Young       Michael  1310  315   255   44  377    2928  0.240458   \n",
       "4    Francoeur          Jeff  1224  198   318   31  387    2120  0.161765   \n",
       "\n",
       "       RBI%       SO%    PrOSO%  \n",
       "0  0.094086  0.175961  0.264214  \n",
       "1  0.175676  0.167185  0.207792  \n",
       "2  0.110145  0.155340  0.236842  \n",
       "3  0.139683  0.128757  0.194656  \n",
       "4  0.156566  0.182547  0.259804  "
      ]
     },
     "execution_count": 2,
     "metadata": {},
     "output_type": "execute_result"
    }
   ],
   "source": [
    "import numpy as np\n",
    "import pandas as pd\n",
    "import sys\n",
    "\n",
    "#PERFORM CALCULATIONS AND CREATE THE DATAFRAME\n",
    "\n",
    "#Create the Dataframe\n",
    "filename = 'PrOData.csv'\n",
    "df = pd.read_csv(filename)\n",
    "\n",
    "#Calculate Pro%\n",
    "df['PrO%'] = df['PrO']/df['PrOO']\n",
    "\n",
    "#Calculate the Average PrO%\n",
    "tot_prop = df['PrO%'].sum()\n",
    "tot_rows = len(df)\n",
    "avg_prop = round(tot_prop/tot_rows, 3)\n",
    "\n",
    "#Calculate the % of PrO that resulted in RBIs\n",
    "df['RBI%'] = df['RBI']/df['PrO']\n",
    "\n",
    "#Calculate the total strike out percentages\n",
    "df['SO%'] = df['SO']/df['TOT_AB']\n",
    "\n",
    "#Calculate the strike out percentage in PrO Opportunities\n",
    "df['PrOSO%'] = df['PrOK']/df['PrOO']\n",
    "    \n",
    "def player_lookup(first, last):\n",
    "    lookup_row = df.loc[(df['LAST_NAME_TX'] == last) & (df['FIRST_NAME_TX'] == first)]\n",
    "    return lookup_row\n",
    "\n",
    "df.head()"
   ]
  },
  {
   "cell_type": "code",
   "execution_count": 2,
   "metadata": {},
   "outputs": [
    {
     "name": "stdout",
     "output_type": "stream",
     "text": [
      "######## WELCOME TO THE 2010-2016 Pro% Calculator ########\n",
      "Enter the first name of the player: \n",
      "Charlie\n",
      "Enter the last name of the player: \n",
      "Blackmon\n",
      " \n",
      "Productive Out Statistics for Charlie Blackmon: \n",
      " \n",
      "PrOO: 105\n",
      "PrO: 18\n",
      "PrO%: 0.171\n",
      "PrO_RBI: 2\n",
      "PrO_RBI %: 0.111\n",
      "Total SO %: 0.151\n",
      "PrO SO%: 0.114\n",
      " \n",
      "Charlie Blackmon is 0.072 below the league average for PrO%\n",
      "The league average for PrO% is 0.243\n",
      " \n",
      "Would you like to look up another player's productive out stats? [y]/[n]\n",
      "n\n",
      " \n",
      "Thank you!\n"
     ]
    }
   ],
   "source": [
    "print('######## WELCOME TO THE 2010-2016 Pro% Calculator ########')\n",
    "\n",
    "def get_input():\n",
    "\n",
    "    print('Enter the first name of the player: ')\n",
    "    first = input()\n",
    "    print('Enter the last name of the player: ')\n",
    "    last = input()\n",
    "    \n",
    "    if((first in df.values) and (last in df.values)):\n",
    "        row = player_lookup(first, last)\n",
    "    else:\n",
    "        print('Player not contained in database, please enter another name')\n",
    "        get_input()\n",
    "        \n",
    "    row_prop = row['PrO%'].to_string(index = False)\n",
    "    prop_diff = round(abs(float(row_prop) - float(avg_prop)), 3)\n",
    "    \n",
    "\n",
    "    print(' ')\n",
    "    print('Productive Out Statistics for {0} {1}: '.format(first, last))\n",
    "    print(' ')\n",
    "\n",
    "    print('PrOO: {0}'.format(round(row['PrOO'], 3).to_string(index = False)))\n",
    "    print('PrO: {0}'.format(round(row['PrO'], 3).to_string(index = False)))\n",
    "    print('PrO%: {0}'.format(round(row['PrO%'], 3).to_string(index = False)))\n",
    "    print('PrO_RBI: {0}'.format(round(row['RBI'], 3).to_string(index = False)))\n",
    "    print('PrO_RBI %: {0}'.format(round(row['RBI%'], 3).to_string(index = False)))\n",
    "    print('Total SO %: {0}'.format(round(row['SO%'], 3).to_string(index = False)))\n",
    "    print('PrO SO%: {0}'.format(round(row['PrOSO%'], 3).to_string(index = False)))\n",
    "\n",
    "    print(' ')\n",
    "    if(float(row_prop) < float(avg_prop)):\n",
    "        print('{0} {1} is {2} below the league average for PrO%'.format(first, last, prop_diff))\n",
    "    else:\n",
    "        print('{0} {1} is {2} above the league average for PrO%'.format(first, last, prop_diff))\n",
    "    print('The league average for PrO% is {0}'.format(avg_prop))\n",
    "    \n",
    "    print(' ')\n",
    "    print('Would you like to look up another player\\'s productive out stats? [y]/[n]')\n",
    "    choice = input()\n",
    "    if (choice == 'y' or choice == 'yes'):\n",
    "        print (' ')\n",
    "        get_input()\n",
    "    else:\n",
    "        print(' ')\n",
    "        print('Thank you!')\n",
    "        quit()\n",
    "    \n",
    "\n",
    "get_input()\n",
    "\n",
    "#print('PrOO: {0},'.format(row['PrOO'])"
   ]
  },
  {
   "cell_type": "code",
   "execution_count": 3,
   "metadata": {},
   "outputs": [
    {
     "data": {
      "text/html": [
       "<div>\n",
       "<style scoped>\n",
       "    .dataframe tbody tr th:only-of-type {\n",
       "        vertical-align: middle;\n",
       "    }\n",
       "\n",
       "    .dataframe tbody tr th {\n",
       "        vertical-align: top;\n",
       "    }\n",
       "\n",
       "    .dataframe thead th {\n",
       "        text-align: right;\n",
       "    }\n",
       "</style>\n",
       "<table border=\"1\" class=\"dataframe\">\n",
       "  <thead>\n",
       "    <tr style=\"text-align: right;\">\n",
       "      <th></th>\n",
       "      <th>PrOO</th>\n",
       "      <th>PrO</th>\n",
       "      <th>PrOK</th>\n",
       "      <th>RBI</th>\n",
       "      <th>SO</th>\n",
       "      <th>TOT_AB</th>\n",
       "      <th>PrO%</th>\n",
       "      <th>RBI%</th>\n",
       "      <th>SO%</th>\n",
       "      <th>PrOSO%</th>\n",
       "    </tr>\n",
       "  </thead>\n",
       "  <tbody>\n",
       "    <tr>\n",
       "      <th>PrOO</th>\n",
       "      <td>1.000000</td>\n",
       "      <td>0.883850</td>\n",
       "      <td>0.829084</td>\n",
       "      <td>0.834295</td>\n",
       "      <td>0.782774</td>\n",
       "      <td>0.912848</td>\n",
       "      <td>0.020033</td>\n",
       "      <td>0.026833</td>\n",
       "      <td>0.139704</td>\n",
       "      <td>0.014887</td>\n",
       "    </tr>\n",
       "    <tr>\n",
       "      <th>PrO</th>\n",
       "      <td>0.883850</td>\n",
       "      <td>1.000000</td>\n",
       "      <td>0.614966</td>\n",
       "      <td>0.745027</td>\n",
       "      <td>0.628013</td>\n",
       "      <td>0.849641</td>\n",
       "      <td>0.000105</td>\n",
       "      <td>0.041186</td>\n",
       "      <td>0.157107</td>\n",
       "      <td>0.041414</td>\n",
       "    </tr>\n",
       "    <tr>\n",
       "      <th>PrOK</th>\n",
       "      <td>0.829084</td>\n",
       "      <td>0.614966</td>\n",
       "      <td>1.000000</td>\n",
       "      <td>0.612797</td>\n",
       "      <td>0.879574</td>\n",
       "      <td>0.731868</td>\n",
       "      <td>0.042049</td>\n",
       "      <td>0.022280</td>\n",
       "      <td>0.039927</td>\n",
       "      <td>0.008421</td>\n",
       "    </tr>\n",
       "    <tr>\n",
       "      <th>RBI</th>\n",
       "      <td>0.834295</td>\n",
       "      <td>0.745027</td>\n",
       "      <td>0.612797</td>\n",
       "      <td>1.000000</td>\n",
       "      <td>0.671840</td>\n",
       "      <td>0.868981</td>\n",
       "      <td>0.025802</td>\n",
       "      <td>0.002512</td>\n",
       "      <td>0.199591</td>\n",
       "      <td>0.037385</td>\n",
       "    </tr>\n",
       "    <tr>\n",
       "      <th>SO</th>\n",
       "      <td>0.782774</td>\n",
       "      <td>0.628013</td>\n",
       "      <td>0.879574</td>\n",
       "      <td>0.671840</td>\n",
       "      <td>1.000000</td>\n",
       "      <td>0.835563</td>\n",
       "      <td>0.035192</td>\n",
       "      <td>0.017111</td>\n",
       "      <td>0.057819</td>\n",
       "      <td>0.000615</td>\n",
       "    </tr>\n",
       "    <tr>\n",
       "      <th>TOT_AB</th>\n",
       "      <td>0.912848</td>\n",
       "      <td>0.849641</td>\n",
       "      <td>0.731868</td>\n",
       "      <td>0.868981</td>\n",
       "      <td>0.835563</td>\n",
       "      <td>1.000000</td>\n",
       "      <td>0.020954</td>\n",
       "      <td>0.017393</td>\n",
       "      <td>0.194204</td>\n",
       "      <td>0.023502</td>\n",
       "    </tr>\n",
       "    <tr>\n",
       "      <th>PrO%</th>\n",
       "      <td>0.020033</td>\n",
       "      <td>0.000105</td>\n",
       "      <td>0.042049</td>\n",
       "      <td>0.025802</td>\n",
       "      <td>0.035192</td>\n",
       "      <td>0.020954</td>\n",
       "      <td>1.000000</td>\n",
       "      <td>0.135079</td>\n",
       "      <td>0.007250</td>\n",
       "      <td>0.130024</td>\n",
       "    </tr>\n",
       "    <tr>\n",
       "      <th>RBI%</th>\n",
       "      <td>0.026833</td>\n",
       "      <td>0.041186</td>\n",
       "      <td>0.022280</td>\n",
       "      <td>0.002512</td>\n",
       "      <td>0.017111</td>\n",
       "      <td>0.017393</td>\n",
       "      <td>0.135079</td>\n",
       "      <td>1.000000</td>\n",
       "      <td>0.012263</td>\n",
       "      <td>0.001632</td>\n",
       "    </tr>\n",
       "    <tr>\n",
       "      <th>SO%</th>\n",
       "      <td>0.139704</td>\n",
       "      <td>0.157107</td>\n",
       "      <td>0.039927</td>\n",
       "      <td>0.199591</td>\n",
       "      <td>0.057819</td>\n",
       "      <td>0.194204</td>\n",
       "      <td>0.007250</td>\n",
       "      <td>0.012263</td>\n",
       "      <td>1.000000</td>\n",
       "      <td>0.317769</td>\n",
       "    </tr>\n",
       "    <tr>\n",
       "      <th>PrOSO%</th>\n",
       "      <td>0.014887</td>\n",
       "      <td>0.041414</td>\n",
       "      <td>0.008421</td>\n",
       "      <td>0.037385</td>\n",
       "      <td>0.000615</td>\n",
       "      <td>0.023502</td>\n",
       "      <td>0.130024</td>\n",
       "      <td>0.001632</td>\n",
       "      <td>0.317769</td>\n",
       "      <td>1.000000</td>\n",
       "    </tr>\n",
       "  </tbody>\n",
       "</table>\n",
       "</div>"
      ],
      "text/plain": [
       "            PrOO       PrO      PrOK       RBI        SO    TOT_AB      PrO%  \\\n",
       "PrOO    1.000000  0.883850  0.829084  0.834295  0.782774  0.912848  0.020033   \n",
       "PrO     0.883850  1.000000  0.614966  0.745027  0.628013  0.849641  0.000105   \n",
       "PrOK    0.829084  0.614966  1.000000  0.612797  0.879574  0.731868  0.042049   \n",
       "RBI     0.834295  0.745027  0.612797  1.000000  0.671840  0.868981  0.025802   \n",
       "SO      0.782774  0.628013  0.879574  0.671840  1.000000  0.835563  0.035192   \n",
       "TOT_AB  0.912848  0.849641  0.731868  0.868981  0.835563  1.000000  0.020954   \n",
       "PrO%    0.020033  0.000105  0.042049  0.025802  0.035192  0.020954  1.000000   \n",
       "RBI%    0.026833  0.041186  0.022280  0.002512  0.017111  0.017393  0.135079   \n",
       "SO%     0.139704  0.157107  0.039927  0.199591  0.057819  0.194204  0.007250   \n",
       "PrOSO%  0.014887  0.041414  0.008421  0.037385  0.000615  0.023502  0.130024   \n",
       "\n",
       "            RBI%       SO%    PrOSO%  \n",
       "PrOO    0.026833  0.139704  0.014887  \n",
       "PrO     0.041186  0.157107  0.041414  \n",
       "PrOK    0.022280  0.039927  0.008421  \n",
       "RBI     0.002512  0.199591  0.037385  \n",
       "SO      0.017111  0.057819  0.000615  \n",
       "TOT_AB  0.017393  0.194204  0.023502  \n",
       "PrO%    0.135079  0.007250  0.130024  \n",
       "RBI%    1.000000  0.012263  0.001632  \n",
       "SO%     0.012263  1.000000  0.317769  \n",
       "PrOSO%  0.001632  0.317769  1.000000  "
      ]
     },
     "execution_count": 3,
     "metadata": {},
     "output_type": "execute_result"
    }
   ],
   "source": [
    "df.corr(method = 'pearson')**2"
   ]
  },
  {
   "cell_type": "code",
   "execution_count": 4,
   "metadata": {},
   "outputs": [
    {
     "data": {
      "text/html": [
       "<div>\n",
       "<style scoped>\n",
       "    .dataframe tbody tr th:only-of-type {\n",
       "        vertical-align: middle;\n",
       "    }\n",
       "\n",
       "    .dataframe tbody tr th {\n",
       "        vertical-align: top;\n",
       "    }\n",
       "\n",
       "    .dataframe thead th {\n",
       "        text-align: right;\n",
       "    }\n",
       "</style>\n",
       "<table border=\"1\" class=\"dataframe\">\n",
       "  <thead>\n",
       "    <tr style=\"text-align: right;\">\n",
       "      <th></th>\n",
       "      <th>PrOO</th>\n",
       "      <th>PrO</th>\n",
       "      <th>PrOK</th>\n",
       "      <th>RBI</th>\n",
       "      <th>SO</th>\n",
       "      <th>TOT_AB</th>\n",
       "      <th>PrOPercentage</th>\n",
       "      <th>RBI%</th>\n",
       "      <th>SO%</th>\n",
       "      <th>PrOSO%</th>\n",
       "    </tr>\n",
       "  </thead>\n",
       "  <tbody>\n",
       "    <tr>\n",
       "      <th>PrOO</th>\n",
       "      <td>1.000000</td>\n",
       "      <td>0.940133</td>\n",
       "      <td>0.910540</td>\n",
       "      <td>0.913398</td>\n",
       "      <td>0.884745</td>\n",
       "      <td>0.955431</td>\n",
       "      <td>-0.141540</td>\n",
       "      <td>-0.163808</td>\n",
       "      <td>-0.373770</td>\n",
       "      <td>-0.122013</td>\n",
       "    </tr>\n",
       "    <tr>\n",
       "      <th>PrO</th>\n",
       "      <td>0.940133</td>\n",
       "      <td>1.000000</td>\n",
       "      <td>0.784198</td>\n",
       "      <td>0.863150</td>\n",
       "      <td>0.792473</td>\n",
       "      <td>0.921760</td>\n",
       "      <td>0.010259</td>\n",
       "      <td>-0.202943</td>\n",
       "      <td>-0.396367</td>\n",
       "      <td>-0.203504</td>\n",
       "    </tr>\n",
       "    <tr>\n",
       "      <th>PrOK</th>\n",
       "      <td>0.910540</td>\n",
       "      <td>0.784198</td>\n",
       "      <td>1.000000</td>\n",
       "      <td>0.782813</td>\n",
       "      <td>0.937856</td>\n",
       "      <td>0.855493</td>\n",
       "      <td>-0.205059</td>\n",
       "      <td>-0.149265</td>\n",
       "      <td>-0.199817</td>\n",
       "      <td>0.091767</td>\n",
       "    </tr>\n",
       "    <tr>\n",
       "      <th>RBI</th>\n",
       "      <td>0.913398</td>\n",
       "      <td>0.863150</td>\n",
       "      <td>0.782813</td>\n",
       "      <td>1.000000</td>\n",
       "      <td>0.819658</td>\n",
       "      <td>0.932191</td>\n",
       "      <td>-0.160629</td>\n",
       "      <td>-0.050120</td>\n",
       "      <td>-0.446756</td>\n",
       "      <td>-0.193351</td>\n",
       "    </tr>\n",
       "    <tr>\n",
       "      <th>SO</th>\n",
       "      <td>0.884745</td>\n",
       "      <td>0.792473</td>\n",
       "      <td>0.937856</td>\n",
       "      <td>0.819658</td>\n",
       "      <td>1.000000</td>\n",
       "      <td>0.914092</td>\n",
       "      <td>-0.187596</td>\n",
       "      <td>-0.130809</td>\n",
       "      <td>-0.240455</td>\n",
       "      <td>0.024797</td>\n",
       "    </tr>\n",
       "    <tr>\n",
       "      <th>TOT_AB</th>\n",
       "      <td>0.955431</td>\n",
       "      <td>0.921760</td>\n",
       "      <td>0.855493</td>\n",
       "      <td>0.932191</td>\n",
       "      <td>0.914092</td>\n",
       "      <td>1.000000</td>\n",
       "      <td>-0.144756</td>\n",
       "      <td>-0.131882</td>\n",
       "      <td>-0.440686</td>\n",
       "      <td>-0.153304</td>\n",
       "    </tr>\n",
       "    <tr>\n",
       "      <th>PrOPercentage</th>\n",
       "      <td>-0.141540</td>\n",
       "      <td>0.010259</td>\n",
       "      <td>-0.205059</td>\n",
       "      <td>-0.160629</td>\n",
       "      <td>-0.187596</td>\n",
       "      <td>-0.144756</td>\n",
       "      <td>1.000000</td>\n",
       "      <td>-0.367531</td>\n",
       "      <td>0.085149</td>\n",
       "      <td>-0.360588</td>\n",
       "    </tr>\n",
       "    <tr>\n",
       "      <th>RBI%</th>\n",
       "      <td>-0.163808</td>\n",
       "      <td>-0.202943</td>\n",
       "      <td>-0.149265</td>\n",
       "      <td>-0.050120</td>\n",
       "      <td>-0.130809</td>\n",
       "      <td>-0.131882</td>\n",
       "      <td>-0.367531</td>\n",
       "      <td>1.000000</td>\n",
       "      <td>-0.110739</td>\n",
       "      <td>-0.040402</td>\n",
       "    </tr>\n",
       "    <tr>\n",
       "      <th>SO%</th>\n",
       "      <td>-0.373770</td>\n",
       "      <td>-0.396367</td>\n",
       "      <td>-0.199817</td>\n",
       "      <td>-0.446756</td>\n",
       "      <td>-0.240455</td>\n",
       "      <td>-0.440686</td>\n",
       "      <td>0.085149</td>\n",
       "      <td>-0.110739</td>\n",
       "      <td>1.000000</td>\n",
       "      <td>0.563710</td>\n",
       "    </tr>\n",
       "    <tr>\n",
       "      <th>PrOSO%</th>\n",
       "      <td>-0.122013</td>\n",
       "      <td>-0.203504</td>\n",
       "      <td>0.091767</td>\n",
       "      <td>-0.193351</td>\n",
       "      <td>0.024797</td>\n",
       "      <td>-0.153304</td>\n",
       "      <td>-0.360588</td>\n",
       "      <td>-0.040402</td>\n",
       "      <td>0.563710</td>\n",
       "      <td>1.000000</td>\n",
       "    </tr>\n",
       "  </tbody>\n",
       "</table>\n",
       "</div>"
      ],
      "text/plain": [
       "                   PrOO       PrO      PrOK       RBI        SO    TOT_AB  \\\n",
       "PrOO           1.000000  0.940133  0.910540  0.913398  0.884745  0.955431   \n",
       "PrO            0.940133  1.000000  0.784198  0.863150  0.792473  0.921760   \n",
       "PrOK           0.910540  0.784198  1.000000  0.782813  0.937856  0.855493   \n",
       "RBI            0.913398  0.863150  0.782813  1.000000  0.819658  0.932191   \n",
       "SO             0.884745  0.792473  0.937856  0.819658  1.000000  0.914092   \n",
       "TOT_AB         0.955431  0.921760  0.855493  0.932191  0.914092  1.000000   \n",
       "PrOPercentage -0.141540  0.010259 -0.205059 -0.160629 -0.187596 -0.144756   \n",
       "RBI%          -0.163808 -0.202943 -0.149265 -0.050120 -0.130809 -0.131882   \n",
       "SO%           -0.373770 -0.396367 -0.199817 -0.446756 -0.240455 -0.440686   \n",
       "PrOSO%        -0.122013 -0.203504  0.091767 -0.193351  0.024797 -0.153304   \n",
       "\n",
       "               PrOPercentage      RBI%       SO%    PrOSO%  \n",
       "PrOO               -0.141540 -0.163808 -0.373770 -0.122013  \n",
       "PrO                 0.010259 -0.202943 -0.396367 -0.203504  \n",
       "PrOK               -0.205059 -0.149265 -0.199817  0.091767  \n",
       "RBI                -0.160629 -0.050120 -0.446756 -0.193351  \n",
       "SO                 -0.187596 -0.130809 -0.240455  0.024797  \n",
       "TOT_AB             -0.144756 -0.131882 -0.440686 -0.153304  \n",
       "PrOPercentage       1.000000 -0.367531  0.085149 -0.360588  \n",
       "RBI%               -0.367531  1.000000 -0.110739 -0.040402  \n",
       "SO%                 0.085149 -0.110739  1.000000  0.563710  \n",
       "PrOSO%             -0.360588 -0.040402  0.563710  1.000000  "
      ]
     },
     "execution_count": 4,
     "metadata": {},
     "output_type": "execute_result"
    }
   ],
   "source": [
    "df.corr(method = 'pearson')"
   ]
  },
  {
   "cell_type": "code",
   "execution_count": null,
   "metadata": {},
   "outputs": [],
   "source": []
  }
 ],
 "metadata": {
  "kernelspec": {
   "display_name": "Python 3",
   "language": "python",
   "name": "python3"
  },
  "language_info": {
   "codemirror_mode": {
    "name": "ipython",
    "version": 3
   },
   "file_extension": ".py",
   "mimetype": "text/x-python",
   "name": "python",
   "nbconvert_exporter": "python",
   "pygments_lexer": "ipython3",
   "version": "3.6.4"
  }
 },
 "nbformat": 4,
 "nbformat_minor": 2
}
