{
 "cells": [
  {
   "cell_type": "code",
   "execution_count": null,
   "metadata": {},
   "outputs": [],
   "source": [
    "import numpy as np\n",
    "import pandas as pd\n",
    "import sys\n",
    "\n",
    "#PERFORM CALCULATIONS AND CREATE THE DATAFRAME\n",
    "\n",
    "#Create the Dataframe\n",
    "filename = 'PrOData.csv'\n",
    "df = pd.read_csv(filename)\n",
    "\n",
    "#Calculate Pro%\n",
    "df['PrO%'] = df['PrO']/df['PrOO']\n",
    "\n",
    "#Calculate the Average PrO%\n",
    "tot_prop = df['PrO%'].sum()\n",
    "tot_rows = len(df)\n",
    "avg_prop = round(tot_prop/tot_rows, 3)\n",
    "\n",
    "#Calculate the % of PrO that resulted in RBIs\n",
    "df['RBI%'] = df['RBI']/df['PrO']\n",
    "\n",
    "#Calculate the total strike out percentages\n",
    "df['SO%'] = df['SO']/df['TOT_AB']\n",
    "\n",
    "#Calculate the strike out percentage in PrO Opportunities\n",
    "df['PrOSO%'] = df['PrOK']/df['PrOO']\n",
    "    \n",
    "def player_lookup(first, last):\n",
    "    lookup_row = df.loc[(df['LAST_NAME_TX'] == last) & (df['FIRST_NAME_TX'] == first)]\n",
    "    return lookup_row\n",
    "\n",
    "df.head()"
   ]
  },
  {
   "cell_type": "code",
   "execution_count": null,
   "metadata": {},
   "outputs": [
    {
     "name": "stdout",
     "output_type": "stream",
     "text": [
      "######## WELCOME TO THE 2010-2016 Pro% Calculator ########\n",
      "Enter the first name of the player: \n",
      "Charlie\n",
      "Enter the last name of the player: \n",
      "Blackmon\n",
      " \n",
      "Productive Out Statistics for Charlie Blackmon: \n",
      " \n",
      "PrOO: 105\n",
      "PrO: 18\n",
      "PrO%: 0.171429\n",
      "PrO_RBI: 2\n",
      "PrO_RBI %: 0.111111\n",
      "Total SO %: 0.151329\n",
      "PrO SO%: 0.114\n",
      " \n",
      "Charlie Blackmon is 0.07146014122020627 below the league average for PrO%\n",
      "The league average for PrO% is 0.24288914122020627\n",
      " \n",
      "Would you like to look up another player's productive out stats? [y]/[n]\n"
     ]
    }
   ],
   "source": [
    "print('######## WELCOME TO THE 2010-2016 Pro% Calculator ########')\n",
    "\n",
    "def get_input():\n",
    "\n",
    "    print('Enter the first name of the player: ')\n",
    "    first = input()\n",
    "    print('Enter the last name of the player: ')\n",
    "    last = input()\n",
    "    \n",
    "    if((first in df.values) and (last in df.values)):\n",
    "        row = player_lookup(first, last)\n",
    "    else:\n",
    "        print('Player not contained in database, please enter another name')\n",
    "        get_input()\n",
    "        \n",
    "    row_prop = row['PrO%'].to_string(index = False)\n",
    "    prop_diff = round(abs(float(row_prop) - float(avg_prop)), 3)\n",
    "    \n",
    "\n",
    "    print(' ')\n",
    "    print('Productive Out Statistics for {0} {1}: '.format(first, last))\n",
    "    print(' ')\n",
    "\n",
    "    print('PrOO: {0}'.format(round(row['PrOO'], 3).to_string(index = False)))\n",
    "    print('PrO: {0}'.format(round(row['PrO'], 3).to_string(index = False)))\n",
    "    print('PrO%: {0}'.format(round(row['PrO%'], 3).to_string(index = False)))\n",
    "    print('PrO_RBI: {0}'.format(round(row['RBI'], 3).to_string(index = False)))\n",
    "    print('PrO_RBI %: {0}'.format(round(row['RBI%'], 3).to_string(index = False)))\n",
    "    print('Total SO %: {0}'.format(round(row['SO%'], 3).to_string(index = False)))\n",
    "    print('PrO SO%: {0}'.format(round(row['PrOSO%'], 3).to_string(index = False)))\n",
    "\n",
    "    print(' ')\n",
    "    if(float(row_prop) < float(avg_prop)):\n",
    "        print('{0} {1} is {2} below the league average for PrO%'.format(first, last, prop_diff))\n",
    "    else:\n",
    "        print('{0} {1} is {2} above the league average for PrO%'.format(first, last, prop_diff))\n",
    "    print('The league average for PrO% is {0}'.format(avg_prop))\n",
    "    \n",
    "    print(' ')\n",
    "    print('Would you like to look up another player\\'s productive out stats? [y]/[n]')\n",
    "    choice = input()\n",
    "    if (choice == 'y' or choice == 'yes'):\n",
    "        print (' ')\n",
    "        get_input()\n",
    "    else:\n",
    "        print(' ')\n",
    "        print('Thank you!')\n",
    "        quit()\n",
    "    \n",
    "\n",
    "get_input()\n",
    "\n",
    "#print('PrOO: {0},'.format(row['PrOO'])"
   ]
  },
  {
   "cell_type": "code",
   "execution_count": null,
   "metadata": {},
   "outputs": [],
   "source": [
    "df.corr(method = 'pearson')**2"
   ]
  },
  {
   "cell_type": "code",
   "execution_count": 4,
   "metadata": {},
   "outputs": [
    {
     "data": {
      "text/html": [
       "<div>\n",
       "<style scoped>\n",
       "    .dataframe tbody tr th:only-of-type {\n",
       "        vertical-align: middle;\n",
       "    }\n",
       "\n",
       "    .dataframe tbody tr th {\n",
       "        vertical-align: top;\n",
       "    }\n",
       "\n",
       "    .dataframe thead th {\n",
       "        text-align: right;\n",
       "    }\n",
       "</style>\n",
       "<table border=\"1\" class=\"dataframe\">\n",
       "  <thead>\n",
       "    <tr style=\"text-align: right;\">\n",
       "      <th></th>\n",
       "      <th>PrOO</th>\n",
       "      <th>PrO</th>\n",
       "      <th>PrOK</th>\n",
       "      <th>RBI</th>\n",
       "      <th>SO</th>\n",
       "      <th>TOT_AB</th>\n",
       "      <th>PrOPercentage</th>\n",
       "      <th>RBI%</th>\n",
       "      <th>SO%</th>\n",
       "      <th>PrOSO%</th>\n",
       "    </tr>\n",
       "  </thead>\n",
       "  <tbody>\n",
       "    <tr>\n",
       "      <th>PrOO</th>\n",
       "      <td>1.000000</td>\n",
       "      <td>0.940133</td>\n",
       "      <td>0.910540</td>\n",
       "      <td>0.913398</td>\n",
       "      <td>0.884745</td>\n",
       "      <td>0.955431</td>\n",
       "      <td>-0.141540</td>\n",
       "      <td>-0.163808</td>\n",
       "      <td>-0.373770</td>\n",
       "      <td>-0.122013</td>\n",
       "    </tr>\n",
       "    <tr>\n",
       "      <th>PrO</th>\n",
       "      <td>0.940133</td>\n",
       "      <td>1.000000</td>\n",
       "      <td>0.784198</td>\n",
       "      <td>0.863150</td>\n",
       "      <td>0.792473</td>\n",
       "      <td>0.921760</td>\n",
       "      <td>0.010259</td>\n",
       "      <td>-0.202943</td>\n",
       "      <td>-0.396367</td>\n",
       "      <td>-0.203504</td>\n",
       "    </tr>\n",
       "    <tr>\n",
       "      <th>PrOK</th>\n",
       "      <td>0.910540</td>\n",
       "      <td>0.784198</td>\n",
       "      <td>1.000000</td>\n",
       "      <td>0.782813</td>\n",
       "      <td>0.937856</td>\n",
       "      <td>0.855493</td>\n",
       "      <td>-0.205059</td>\n",
       "      <td>-0.149265</td>\n",
       "      <td>-0.199817</td>\n",
       "      <td>0.091767</td>\n",
       "    </tr>\n",
       "    <tr>\n",
       "      <th>RBI</th>\n",
       "      <td>0.913398</td>\n",
       "      <td>0.863150</td>\n",
       "      <td>0.782813</td>\n",
       "      <td>1.000000</td>\n",
       "      <td>0.819658</td>\n",
       "      <td>0.932191</td>\n",
       "      <td>-0.160629</td>\n",
       "      <td>-0.050120</td>\n",
       "      <td>-0.446756</td>\n",
       "      <td>-0.193351</td>\n",
       "    </tr>\n",
       "    <tr>\n",
       "      <th>SO</th>\n",
       "      <td>0.884745</td>\n",
       "      <td>0.792473</td>\n",
       "      <td>0.937856</td>\n",
       "      <td>0.819658</td>\n",
       "      <td>1.000000</td>\n",
       "      <td>0.914092</td>\n",
       "      <td>-0.187596</td>\n",
       "      <td>-0.130809</td>\n",
       "      <td>-0.240455</td>\n",
       "      <td>0.024797</td>\n",
       "    </tr>\n",
       "    <tr>\n",
       "      <th>TOT_AB</th>\n",
       "      <td>0.955431</td>\n",
       "      <td>0.921760</td>\n",
       "      <td>0.855493</td>\n",
       "      <td>0.932191</td>\n",
       "      <td>0.914092</td>\n",
       "      <td>1.000000</td>\n",
       "      <td>-0.144756</td>\n",
       "      <td>-0.131882</td>\n",
       "      <td>-0.440686</td>\n",
       "      <td>-0.153304</td>\n",
       "    </tr>\n",
       "    <tr>\n",
       "      <th>PrOPercentage</th>\n",
       "      <td>-0.141540</td>\n",
       "      <td>0.010259</td>\n",
       "      <td>-0.205059</td>\n",
       "      <td>-0.160629</td>\n",
       "      <td>-0.187596</td>\n",
       "      <td>-0.144756</td>\n",
       "      <td>1.000000</td>\n",
       "      <td>-0.367531</td>\n",
       "      <td>0.085149</td>\n",
       "      <td>-0.360588</td>\n",
       "    </tr>\n",
       "    <tr>\n",
       "      <th>RBI%</th>\n",
       "      <td>-0.163808</td>\n",
       "      <td>-0.202943</td>\n",
       "      <td>-0.149265</td>\n",
       "      <td>-0.050120</td>\n",
       "      <td>-0.130809</td>\n",
       "      <td>-0.131882</td>\n",
       "      <td>-0.367531</td>\n",
       "      <td>1.000000</td>\n",
       "      <td>-0.110739</td>\n",
       "      <td>-0.040402</td>\n",
       "    </tr>\n",
       "    <tr>\n",
       "      <th>SO%</th>\n",
       "      <td>-0.373770</td>\n",
       "      <td>-0.396367</td>\n",
       "      <td>-0.199817</td>\n",
       "      <td>-0.446756</td>\n",
       "      <td>-0.240455</td>\n",
       "      <td>-0.440686</td>\n",
       "      <td>0.085149</td>\n",
       "      <td>-0.110739</td>\n",
       "      <td>1.000000</td>\n",
       "      <td>0.563710</td>\n",
       "    </tr>\n",
       "    <tr>\n",
       "      <th>PrOSO%</th>\n",
       "      <td>-0.122013</td>\n",
       "      <td>-0.203504</td>\n",
       "      <td>0.091767</td>\n",
       "      <td>-0.193351</td>\n",
       "      <td>0.024797</td>\n",
       "      <td>-0.153304</td>\n",
       "      <td>-0.360588</td>\n",
       "      <td>-0.040402</td>\n",
       "      <td>0.563710</td>\n",
       "      <td>1.000000</td>\n",
       "    </tr>\n",
       "  </tbody>\n",
       "</table>\n",
       "</div>"
      ],
      "text/plain": [
       "                   PrOO       PrO      PrOK       RBI        SO    TOT_AB  \\\n",
       "PrOO           1.000000  0.940133  0.910540  0.913398  0.884745  0.955431   \n",
       "PrO            0.940133  1.000000  0.784198  0.863150  0.792473  0.921760   \n",
       "PrOK           0.910540  0.784198  1.000000  0.782813  0.937856  0.855493   \n",
       "RBI            0.913398  0.863150  0.782813  1.000000  0.819658  0.932191   \n",
       "SO             0.884745  0.792473  0.937856  0.819658  1.000000  0.914092   \n",
       "TOT_AB         0.955431  0.921760  0.855493  0.932191  0.914092  1.000000   \n",
       "PrOPercentage -0.141540  0.010259 -0.205059 -0.160629 -0.187596 -0.144756   \n",
       "RBI%          -0.163808 -0.202943 -0.149265 -0.050120 -0.130809 -0.131882   \n",
       "SO%           -0.373770 -0.396367 -0.199817 -0.446756 -0.240455 -0.440686   \n",
       "PrOSO%        -0.122013 -0.203504  0.091767 -0.193351  0.024797 -0.153304   \n",
       "\n",
       "               PrOPercentage      RBI%       SO%    PrOSO%  \n",
       "PrOO               -0.141540 -0.163808 -0.373770 -0.122013  \n",
       "PrO                 0.010259 -0.202943 -0.396367 -0.203504  \n",
       "PrOK               -0.205059 -0.149265 -0.199817  0.091767  \n",
       "RBI                -0.160629 -0.050120 -0.446756 -0.193351  \n",
       "SO                 -0.187596 -0.130809 -0.240455  0.024797  \n",
       "TOT_AB             -0.144756 -0.131882 -0.440686 -0.153304  \n",
       "PrOPercentage       1.000000 -0.367531  0.085149 -0.360588  \n",
       "RBI%               -0.367531  1.000000 -0.110739 -0.040402  \n",
       "SO%                 0.085149 -0.110739  1.000000  0.563710  \n",
       "PrOSO%             -0.360588 -0.040402  0.563710  1.000000  "
      ]
     },
     "execution_count": 4,
     "metadata": {},
     "output_type": "execute_result"
    }
   ],
   "source": [
    "df.corr(method = 'pearson')"
   ]
  },
  {
   "cell_type": "code",
   "execution_count": null,
   "metadata": {},
   "outputs": [],
   "source": []
  }
 ],
 "metadata": {
  "kernelspec": {
   "display_name": "Python 3",
   "language": "python",
   "name": "python3"
  },
  "language_info": {
   "codemirror_mode": {
    "name": "ipython",
    "version": 3
   },
   "file_extension": ".py",
   "mimetype": "text/x-python",
   "name": "python",
   "nbconvert_exporter": "python",
   "pygments_lexer": "ipython3",
   "version": "3.6.4"
  }
 },
 "nbformat": 4,
 "nbformat_minor": 2
}
